1.688304449381183 0.336414437451197 0.076992601396210 1.457920254350868 1.783223217286974 0.626500926354739 0.033982533070181 0.013349966486085 0.006816116861798 0.029034515379704 0.009021802834177 0.004017541747603 0.256151772536071 0.087488804784985 0.014256637773037 0.129212732225398 0.193594363524982 0.038254776693009 1.455803030299823 0.020551932447210 0.216489071645060 0.975477584549998 0.002369494336654 0.030055258997242 9.485283822414187
0.541241545509991 0.937379313186965 0.103367460381850 0.604692736618311 0.814469668127731 0.529571486036110 0.013749224469568 0.033569041873126 0.010214728436983 0.007195630423261 0.004520424528221 0.007777750783137 0.092966404300377 0.198729576034291 0.049080452841696 0.103009992251308 0.073239285793325 0.039509462475105 0.722581044665563 0.001996028239986 0.097021921889619 0.257179946196303 0.000167730097892 0.022440573016250 5.265671428176969
0.052789273797922 0.047175884013934 0.120415764551945 0.174915195489208 0.459106498239945 0.095556426797950 0.001023314287186 0.000599245136657 0.038609094801368 0.006433589026002 0.011353748124679 0.001856060440632 0.005217075046905 0.003708066553847 0.084276836613117 0.025995225669347 0.051076459814826 0.010609789307659 0.650064312472943 0.006206996539536 0.077508294275618 1.039143806238671 0.011864260088213 0.092819193072377 3.068324410400487
0.289474057023365 0.062547299892296 0.017390317460059 1.719055427108631 1.590256982558477 0.179438061825083 0.006701257182010 0.002601082819667 0.003672344202083 0.029358312461033 0.020512311075157 0.002086202349422 0.041752540760046 0.013203504840550 0.015499174702098 0.318060568456200 0.199643447185557 0.018976372013536 5.403707874706559 0.023958845168164 0.459452973605069 2.644213301265588 0.037909108315431 0.405557410814962 13.505028777791042
2.218095147827207 1.373870498715061 0.562851538497066 2.996595855455070 43.822178530792904 1.679327417520128 0.029711882330568 0.029804377111121 0.039546103962733 0.039618642459296 0.067693102101411 0.023203448996096 0.231383029496639 0.196192738590298 0.144849823809548 0.432398551131150 1.814379196272381 0.116230922321717 67.046671676210536 0.159847292549758 1.366485316865454 9.311656758823586 0.042389369685786 0.512843935643535 134.257825157169037
0.000000000000000 0.000000000000000 0.000000000000000 0.000000000000000 0.000000000000000 0.000000000000000 0.000000000000000 0.000000000000000 0.000000000000000 0.000000000000000 0.000000000000000 0.000000000000000 0.000000000000000 0.000000000000000 0.000000000000000 0.000000000000000 0.000000000000000 0.000000000000000 0.000000000000000 0.000000000000000 0.000000000000000 7.238533552609915 0.000000000000000 0.000000000000000 7.238533552609915
0.018723684045989 0.005673531561211 0.002477877276843 0.025239727055930 0.020345085003226 0.019514388127195 6.730810046562014 3.601985765360603 1.198415644653793 4.655143488623536 3.562392728326013 1.760405138715638 0.119890774006647 0.047023446209478 0.038313783692792 0.124283842137103 0.119917883410171 0.086425491638891 0.013288533491771 2.763567470563711 0.122526635113012 0.011151500473069 0.947037395122591 0.055010304299551 26.049564165470773
0.014634608587731 0.031850002292864 0.002818759730046 0.026963649351359 0.043663758925840 0.029515610273664 3.069942017541943 7.490500128870568 2.357105937826846 2.433388950758217 0.728935843949892 5.717540449724442 0.174799760009421 0.346616326748437 0.107952848428083 0.202677845123697 0.167406828550500 0.170327529489545 0.032547055009493 0.217437667075960 0.178611916070258 0.009057972032695 0.000000000000000 0.032738795613696 23.587034261985202
0.019379300890906 0.016098312519003 0.047801030262701 0.065826798658602 0.176196821077419 0.033956030637105 0.329955741609387 0.225350993414905 7.924990131361695 1.733809809660918 2.434475519582183 0.658788586845469 0.054778428268332 0.035646672575984 0.941206942762625 0.247872891461050 0.600099198898383 0.118830607195331 0.376366159161081 2.150960079020512 1.337863749240094 0.262222661749366 1.467749900922075 0.859504289429181 22.119730657204304
0.008284754573196 0.002392730745106 0.001179759986309 0.043766958145263 0.051661522301556 0.018434293470332 1.823759030131106 0.655853444415948 0.830160719572310 5.360774299111464 3.566525985826181 0.375274079415675 0.073326131026720 0.023331248199396 0.037517796938173 0.302587563394935 0.254996326188867 0.040547698391771 0.191384879040242 5.576591808632357 0.518457392105679 0.126066449037030 4.720344477888501 0.599176968846508 25.202396317384625
0.007542775183052 0.006360234608493 0.006793897606582 0.020141756215204 0.086218500013190 0.011240042799005 3.647502144512507 3.924143982120074 2.819345668468725 3.593338056563049 14.090782782888509 3.563162654920036 0.065730527588218 0.055985834269901 0.142339689175447 0.121113646715019 0.620033902449282 0.054291730532499 0.121219645913235 25.588279264829019 0.555758210736715 0.058924069166581 3.819393636374564 0.251975757022926 63.231618410671835
0.000000000000000 0.000000000000000 0.000000000000000 0.000000000000000 0.000000000000000 0.000000000000000 0.000000000000000 0.000000000000000 0.000000000000000 0.000000000000000 0.000000000000000 0.000000000000000 0.000000000000000 0.000000000000000 0.000000000000000 0.000000000000000 0.000000000000000 0.000000000000000 0.000000000000000 0.000000000000000 0.000000000000000 0.000000000000000 17.449503501664640 0.000000000000000 17.449503501664640
0.624176418684640 0.041917893722466 0.007296712120208 0.121711522823330 0.276383107561522 0.061744726046424 0.985760904302345 0.884600779573255 0.046827545049856 0.138865492669316 0.274582830628199 0.057181990524412 13.509410452285429 3.748878797633048 0.927601943779646 7.911680668028671 9.030821587121538 2.488789275385419 0.148224547146267 0.080539598582285 10.338599231610182 0.093400827393819 0.020617132805790 2.598679741443859 54.418293726921931
0.107455919500386 0.171686706186733 0.025789667387690 0.123643678066267 0.127455667674264 0.062796798967263 0.207557131797142 0.506065483265683 0.177747137901525 0.133343631328789 0.058363101095705 0.136758109538647 2.920689600389709 6.846720832605382 1.735044432467112 3.964501355156749 2.852081321055545 3.260576783098236 0.133646612310175 0.020183323398835 2.453557786370455 0.049771949445065 0.004335623071032 0.745975290056994 26.825747942135376
0.022492896999951 0.018960854685149 0.050589089015902 0.095900363087938 0.208358735861812 0.040976219764020 0.028207937301580 0.017097368260396 0.963775252471784 0.148994021979299 0.282446880057104 0.050266130230990 0.306257171483476 0.279189127223964 4.304754064030055 1.605154434344175 2.281199474461640 0.527595961944763 0.523056552511649 0.151210416052409 5.996805995163745 0.310832338055484 0.281850507491889 2.694709759915939 21.190681552395112
0.055871925215201 0.024334459707687 0.006952713098822 0.459454577638106 0.343390262735251 0.061399230752244 0.087511566316149 0.037724502670043 0.054694198280424 0.272178012520175 0.152380235290865 0.028168142756525 1.964078471654811 0.760244529743269 0.751086743776551 9.925208220518972 7.735136166787031 0.655902954416487 1.297485961843020 0.222249820772178 20.240493556578187 0.730143198703793 0.316626191246304 8.726909685133519 54.909625328155620
0.160677399414584 0.078057465534004 0.034212670971536 0.231435198221496 1.260249405167319 0.089480061813944 0.218158953799405 0.225733165100973 0.278946389412477 0.206020023030266 0.490943657957346 0.141465154189112 8.597263151070258 6.212322666169698 4.155026690354261 12.029105721436522 80.603566837415016 5.050594899224031 1.288922581615728 0.656950911077522 129.155363603112704 0.521490089722345 0.295979034042268 14.316436599098017 266.298402328950829
0.000000000000000 0.000000000000000 0.000000000000000 0.000000000000000 0.000000000000000 0.000000000000000 0.000000000000000 0.000000000000000 0.000000000000000 0.000000000000000 0.000000000000000 0.000000000000000 0.000000000000000 0.000000000000000 0.000000000000000 0.000000000000000 0.000000000000000 0.000000000000000 0.000000000000000 0.000000000000000 0.000000000000000 0.000000000000000 0.000000000000000 23.450455222206987 23.450455222206987
3.656139651841175 2.110951796280339 2.001394545246123 5.337765053870904 83.194667140646303 3.699081812115157 8.835230552273096 5.938054989093556 5.368863694233704 6.414899940955586 37.476687673307651 4.921552232710097 26.004598413018030 7.970465759068881 7.741873685317359 17.466762037045601 159.701209890203415 10.772990950730410 0.000000000000000 0.000000000000000 0.000000000000000 0.000000000000000 0.000000000000000 0.000000000000000 398.613189817957334
9.485283808476478 5.265671421102509 3.068324404989892 13.505028752156488 134.257824903973756 7.238533533300363 26.049564237486187 23.587034315572659 22.119730707498103 25.202396416949910 63.231618627573290 17.449503673887929 54.418293702941099 26.825747931251410 21.190681546461601 54.909625295095893 266.298402169132430 23.450455204858407 79.404970466398083 37.640531454949439 173.114995654381829 23.639266005463309 29.418137363153633 55.395288784611544 1196.166910381666185
