Scalar parameters:
rho: -0.5385
delta: 0.0600
rss: 0.0200
psi: -1.0000

VECTOR PARAMETERS (1 x NC):
G: 4.0212 3.2282 4.0987
beta: 0.9804 0.9804 0.9804
phi: 3.0000 3.0000 3.0000
lbar: 198.0000 136.5315 454.7226
kk0: 393.9878 490.3023 923.2548
tauk: 0.0730 -0.6730 0.0541
b0: 155.2560 -96.7276 -58.5284

MATRIX PARAMETERS (NC x (NS-1)):

sig:
 0.8750 0.5000 0.7500 0.0476 0.0476
 0.8750 0.5000 0.7500 0.0476 0.0476
 0.8750 0.5000 0.7500 0.0476 0.0476

H:
 2.5677 2.1839 2.9343 1.8907 1.1459
 2.4087 1.8356 2.1901 1.2781 1.2108
 2.4441 1.9061 2.4553 1.3483 1.1193

zeta:
 0.8750 0.5000 0.7500 0.0476 0.0476
 0.8750 0.5000 0.7500 0.0476 0.0476
 0.8750 0.5000 0.7500 0.0476 0.0476

M:
 2.6558 2.1671 2.9302 1.8529 1.1938
 2.5103 1.5853 2.1695 1.2651 1.2756
 2.4476 1.7978 2.4344 1.3199 1.1941


MATRIX PARAMETERS (NC x NS):

lam_va:
 0.3855 0.4009 0.6523 0.3952 0.6197 0.5110
 0.3392 0.2518 0.2427 0.2545 0.5927 0.2820
 0.4779 0.2971 0.3653 0.3181 0.5997 0.4594

alpha:
 0.7827 0.0133 0.2238 0.5390 0.3311 0.0658
 0.3400 0.3400 0.3400 0.3400 0.3400 0.3400
 0.3400 0.3400 0.3400 0.3400 0.3400 0.3400

A:
 0.2480 1.0388 0.9836 0.5323 0.8385 1.0848
 0.6752 0.6752 0.6752 0.6752 0.6752 0.6752
 0.8197 0.8197 0.8197 0.8197 0.8197 0.8197


3D PARAMETERS:

eps (NC x 2 x NS:
 0.0030 0.0012 0.0028 0.0282 0.9647 0.0000	 0.0457 0.0134 0.0682 0.1481 0.4185 0.3062
 0.0284 0.0006 0.0204 0.0846 0.8660 0.0000	 0.0330 0.0002 0.0599 0.1725 0.1413 0.5932
 0.0193 0.0024 0.0110 0.0554 0.9120 0.0000	 0.0484 0.0145 0.0658 0.1757 0.2722 0.4233

theta (NC x (NS-1) x NC):
 0.4325 0.2434 0.3241	 0.6102 0.1257 0.2640	 0.3813 0.2990 0.3196	 0.7604 0.0350 0.2046	 0.9695 0.0031 0.0275
 0.2443 0.4615 0.2942	 0.0695 0.6966 0.2339	 0.1434 0.5394 0.3172	 0.0072 0.9364 0.0564	 0.0083 0.9552 0.0364
 0.2778 0.2666 0.4557	 0.1332 0.1772 0.6895	 0.1796 0.3404 0.4800	 0.0327 0.0417 0.9256	 0.0157 0.0070 0.9772

mu (NC x (NS-1) x NC):
 0.4156 0.2467 0.3377	 0.6156 0.1267 0.2577	 0.3835 0.3007 0.3158	 0.7681 0.0295 0.2025	 0.9571 0.0033 0.0395
 0.2242 0.4409 0.3349	 0.0459 0.7716 0.1825	 0.1409 0.5442 0.3148	 0.0062 0.9394 0.0543	 0.0086 0.9380 0.0534
 0.2775 0.2675 0.4551	 0.1153 0.1671 0.7177	 0.1818 0.3314 0.4868	 0.0308 0.0368 0.9324	 0.0288 0.0109 0.9603

lam (NC x NS x (NS-1)):
 0.2458 0.0699 0.0100 0.0373 0.2516	 0.0729 0.2167 0.0156 0.0170 0.2769	 0.0283 0.0430 0.0713 0.0083 0.1968	 0.1188 0.0559 0.0249 0.1646 0.2405	 0.0155 0.0073 0.0063 0.0148 0.3364	 0.0978 0.0859 0.0236 0.0358 0.2459
 0.2975 0.1263 0.0138 0.0736 0.1495	 0.1908 0.3404 0.0103 0.0295 0.1772	 0.0566 0.1151 0.4036 0.0402 0.1419	 0.1914 0.1021 0.0750 0.2247 0.1523	 0.0608 0.0125 0.0431 0.0591 0.2317	 0.1044 0.3359 0.0407 0.0232 0.2136
 0.2552 0.0586 0.0067 0.0382 0.1634	 0.1448 0.2756 0.0119 0.0297 0.2410	 0.0463 0.0893 0.2515 0.0379 0.2096	 0.1487 0.0778 0.0342 0.1921 0.2292	 0.0351 0.0116 0.0110 0.0308 0.3118	 0.1114 0.1480 0.0280 0.0305 0.2226

